%YAML:1.0
camera_matrix: !!opencv-matrix
   rows: 3
   cols: 3
   dt: d
   data: [ 4.9683086525320635e+002, 0., 3.3704615454051509e+002, 0.,
       4.9461432059097342e+002, 2.6727650845277333e+002, 0., 0., 1. ]
distortion_coefficients: !!opencv-matrix
   rows: 8
   cols: 1
   dt: d
   data: [ -4.9676805742765129e-001, 5.0196162426834312e-001,
       2.7033332683971643e-003, 2.5660605707766778e-004,
       7.6115125042159937e-001, 0., 0., 1.3973407553661952e+000 ]
