%YAML:1.0
R: !!opencv-matrix
   rows: 3
   cols: 3
   dt: d
   data: [ 9.9987886241326240e-001, 2.1403444401650758e-005,
       -1.5564704978019664e-002, 6.4821150485924414e-004,
       9.9907421397345064e-001, 4.3015053123025442e-002,
       1.5551216061941601e-002, -4.3019931604133220e-002,
       9.9895317466023925e-001 ]
T: !!opencv-matrix
   rows: 3
   cols: 1
   dt: d
   data: [ -1.3844111429337074e+001, 6.7383167379537845e-001,
       -5.8303078475784964e-001 ]
R1: !!opencv-matrix
   rows: 3
   cols: 3
   dt: d
   data: [ 9.9843629735638073e-001, -5.0313969114732716e-002,
       2.4361129555146580e-002, 4.9783206934721914e-002,
       9.9851937234840871e-001, 2.1924765728156746e-002,
       -2.5428181778797462e-002, -2.0677706760219457e-002,
       9.9946277570230835e-001 ]
R2: !!opencv-matrix
   rows: 3
   cols: 3
   dt: d
   data: [ 9.9793509850611006e-001, -4.8572295968419145e-002,
       4.2027029801744699e-002, 4.9457295560772857e-002,
       9.9857032207624019e-001, -2.0280231368706537e-002,
       -4.0981887284687116e-002, 2.2316897923103159e-002,
       9.9891062712420620e-001 ]
P1: !!opencv-matrix
   rows: 3
   cols: 4
   dt: d
   data: [ 3.2743092818542073e+002, 0., 3.0366214561462402e+002, 0., 0.,
       3.2743092818542073e+002, 2.6280844497680664e+002, 0., 0., 0., 1.,
       0. ]
P2: !!opencv-matrix
   rows: 3
   cols: 4
   dt: d
   data: [ 3.2743092818542073e+002, 0., 3.0366214561462402e+002,
       -4.5423698013989388e+003, 0., 3.2743092818542073e+002,
       2.6280844497680664e+002, 0., 0., 0., 1., 0. ]
Q: !!opencv-matrix
   rows: 4
   cols: 4
   dt: d
   data: [ 1., 0., 0., -3.0366214561462402e+002, 0., 1., 0.,
       -2.6280844497680664e+002, 0., 0., 0., 3.2743092818542073e+002, 0.,
       0., 7.2083723364966892e-002, 0. ]
