%YAML:1.0
R: !!opencv-matrix
   rows: 3
   cols: 3
   dt: d
   data: [ 9.9958469445153764e-001, 5.3189424689746301e-003,
       -2.8322208057246487e-002, -5.4632451222341432e-003,
       9.9997247542707624e-001, -5.0200937222174367e-003,
       2.8294726910868123e-002, 5.1727400144604349e-003,
       9.9958623999622076e-001 ]
T: !!opencv-matrix
   rows: 3
   cols: 1
   dt: d
   data: [ -1.5022596032873372e+002, 1.5009490357079924e+000,
       2.3176352003820497e+001 ]
R1: !!opencv-matrix
   rows: 3
   cols: 3
   dt: d
   data: [ 9.8358904441052830e-001, -5.4058697121531791e-003,
       -1.8034236409739901e-001, 4.8953903265741309e-003,
       9.9998265275408649e-001, -3.2755678058609375e-003,
       1.8035694294685214e-001, 2.3389663433947476e-003,
       9.8359844569179256e-001 ]
R2: !!opencv-matrix
   rows: 3
   cols: 3
   dt: d
   data: [ 9.8825949487048714e-001, -9.8739733972026227e-003,
       -1.5246532539459806e-001, 1.0304978756685563e-002,
       9.9994482759869396e-001, 2.0369515071676256e-003,
       1.5243680071148694e-001, -3.5841886068716249e-003,
       9.8830672130714392e-001 ]
P1: !!opencv-matrix
   rows: 3
   cols: 4
   dt: d
   data: [ 3.4174013568718810e+003, 0., 8.3216119003295898e+002, 0., 0.,
       3.4174013568718810e+003, 2.1476734924316406e+002, 0., 0., 0., 1.,
       0. ]
P2: !!opencv-matrix
   rows: 3
   cols: 4
   dt: d
   data: [ 3.4174013568718810e+003, 0., 8.3216119003295898e+002,
       -5.1948137440569227e+005, 0., 3.4174013568718810e+003,
       2.1476734924316406e+002, 0., 0., 0., 1., 0. ]
Q: !!opencv-matrix
   rows: 4
   cols: 4
   dt: d
   data: [ 1., 0., 0., -8.3216119003295898e+002, 0., 1., 0.,
       -2.1476734924316406e+002, 0., 0., 0., 3.4174013568718810e+003, 0.,
       0., -6.5784867855590134e-003, 0. ]
