%YAML:1.0
M1: !!opencv-matrix
   rows: 3
   cols: 3
   dt: d
   data: [ 3.5451040263629243e+003, 0., 1.9078851709836405e+002, 0.,
       3.5451040263629243e+003, 2.0306194632735000e+002, 0., 0., 1. ]
D1: !!opencv-matrix
   rows: 1
   cols: 8
   dt: d
   data: [ -1.3037028124227981e+000, 4.3729561544422097e+001, 0., 0., 0.,
       0., 0., 7.9273111770056104e+001 ]
M2: !!opencv-matrix
   rows: 3
   cols: 3
   dt: d
   data: [ 3.5451040263629243e+003, 0., 2.8752664469199203e+002, 0.,
       3.5451040263629243e+003, 2.2239394996982489e+002, 0., 0., 1. ]
D2: !!opencv-matrix
   rows: 1
   cols: 8
   dt: d
   data: [ -3.1488277447792468e-001, 1.5073719830906091e+002, 0., 0., 0.,
       0., 0., 1.9241736985724651e+003 ]
