%YAML:1.0
camera_matrix: !!opencv-matrix
   rows: 3
   cols: 3
   dt: d
   data: [ 2.0524462690529158e+003, 0., 3.6106615518055918e+002, 0.,
       2.0554391093330796e+003, 3.3036434714582333e+002, 0., 0., 1. ]
distortion_coefficients: !!opencv-matrix
   rows: 8
   cols: 1
   dt: d
   data: [ 9.7926253040528446e-002, -9.6281190721356396e+000,
       8.6055852877582693e-003, 2.2640425352408533e-003,
       1.0521363049774976e+002, 0., 0., -1.0495256837260644e+002 ]
