%YAML:1.0
R: !!opencv-matrix
   rows: 3
   cols: 3
   dt: d
   data: [ 9.9995333609833004e-001, 9.4563764010983237e-003,
       -1.9754926425953954e-003, -9.4388073476959523e-003,
       9.9991742162064590e-001, 8.7211728209408423e-003,
       2.0578002024683379e-003, -8.7021195625196432e-003,
       9.9996001848746252e-001 ]
T: !!opencv-matrix
   rows: 3
   cols: 1
   dt: d
   data: [ -2.8823489045849271e+001, 1.0536009439648895e+000,
       -2.2953408290979320e+000 ]
R1: !!opencv-matrix
   rows: 3
   cols: 3
   dt: d
   data: [ 9.9664353184091559e-001, -2.7681084644517885e-002,
       7.7041728904335152e-002, 2.7332228242174805e-002,
       9.9961083573543763e-001, 5.5791020440430876e-003,
       -7.7166182612487075e-002, -3.4546538470909332e-003,
       9.9701225951731054e-001 ]
R2: !!opencv-matrix
   rows: 3
   cols: 3
   dt: d
   data: [ 9.9618306644093335e-001, -3.6414030844581377e-002,
       7.9330426029292175e-002, 3.6772627656051250e-002,
       9.9931896216898841e-001, -3.0636097606418695e-003,
       -7.9164840627696215e-002, 5.9691043839056636e-003,
       9.9684366768377752e-001 ]
P1: !!opencv-matrix
   rows: 3
   cols: 4
   dt: d
   data: [ 1.9104703263686572e+003, 0., 2.1864253807067871e+002, 0., 0.,
       1.9104703263686572e+003, 2.8923550796508789e+002, 0., 0., 0., 1.,
       0. ]
P2: !!opencv-matrix
   rows: 3
   cols: 4
   dt: d
   data: [ 1.9104703263686572e+003, 0., 2.1864253807067871e+002,
       -5.5277410728575298e+004, 0., 1.9104703263686572e+003,
       2.8923550796508789e+002, 0., 0., 0., 1., 0. ]
Q: !!opencv-matrix
   rows: 4
   cols: 4
   dt: d
   data: [ 1., 0., 0., -2.1864253807067871e+002, 0., 1., 0.,
       -2.8923550796508789e+002, 0., 0., 0., 1.9104703263686572e+003, 0.,
       0., 3.4561501727161256e-002, 0. ]
