%YAML:1.0
camera_matrix: !!opencv-matrix
   rows: 3
   cols: 3
   dt: d
   data: [ 2.0903524017108057e+003, 0., 2.8034059244833895e+002, 0.,
       2.0715930058452382e+003, 2.2798868697681098e+002, 0., 0., 1. ]
distortion_coefficients: !!opencv-matrix
   rows: 8
   cols: 1
   dt: d
   data: [ 5.2354938448479535e-002, -4.3411892688647100e+000,
       -1.3231759954122506e-002, -1.2642137248036653e-002,
       6.2833538716971681e+001, 0., 0., -6.9440213196623404e+001 ]
