%YAML:1.0
R: !!opencv-matrix
   rows: 3
   cols: 3
   dt: d
   data: [ 9.9996888925077576e-001, 6.7582165226349840e-003,
       4.0678053054470911e-003, -6.7894744084101193e-003,
       9.9994715021326697e-001, 7.7200918144576299e-003,
       -4.0154162707475372e-003, -7.7474698966369104e-003,
       9.9996192584636612e-001 ]
T: !!opencv-matrix
   rows: 3
   cols: 1
   dt: d
   data: [ -1.5359723104717803e+001, 1.9980951214506693e-001,
       -8.1153032873736086e-001 ]
R1: !!opencv-matrix
   rows: 3
   cols: 3
   dt: d
   data: [ 9.9836818586164611e-001, -6.6492633532354356e-003,
       5.6716424042645604e-002, 6.4240624355857024e-003,
       9.9997074553478471e-001, 4.1520472577265327e-003,
       -5.6742372889663030e-002, -3.7809220391351473e-003,
       9.9838169441721258e-001 ]
R2: !!opencv-matrix
   rows: 3
   cols: 3
   dt: d
   data: [ 9.9852290008855149e-001, -1.2989451188158838e-002,
       5.2756915722766459e-002, 1.3198771112669998e-002,
       9.9990633547268715e-001, -3.6211493613253188e-003,
       -5.2704937528318854e-002, 4.3121270171595826e-003,
       9.9860081870621553e-001 ]
P1: !!opencv-matrix
   rows: 3
   cols: 4
   dt: d
   data: [ 1.9240541727910145e+003, 0., 2.0547647285461426e+002, 0., 0.,
       1.9240541727910145e+003, 2.2509754371643066e+002, 0., 0., 0., 1.,
       0. ]
P2: !!opencv-matrix
   rows: 3
   cols: 4
   dt: d
   data: [ 1.9240541727910145e+003, 0., 2.0547647285461426e+002,
       -2.9596656551317974e+004, 0., 1.9240541727910145e+003,
       2.2509754371643066e+002, 0., 0., 0., 1., 0. ]
Q: !!opencv-matrix
   rows: 4
   cols: 4
   dt: d
   data: [ 1., 0., 0., -2.0547647285461426e+002, 0., 1., 0.,
       -2.2509754371643066e+002, 0., 0., 0., 1.9240541727910145e+003, 0.,
       0., 6.5009173230593645e-002, 0. ]
